{
 "cells": [
  {
   "cell_type": "code",
   "execution_count": 1,
   "id": "7e1e5777",
   "metadata": {},
   "outputs": [],
   "source": [
    "import pandas as pd\n",
    "import seaborn as sns"
   ]
  },
  {
   "cell_type": "code",
   "execution_count": 2,
   "id": "ac90cdec",
   "metadata": {},
   "outputs": [],
   "source": [
    "accident_columns=[\"Accident_Index\",\"Location_Easting_OSGR\",\"Location_Northing_OSGR\",\"Longitude\",\"Latitude\",\"Police_Force\",\"Accident_Severity\",\"Number_of_Vehicles\",\"Number_of_Casualties\",\"Date\",\"Day_of_Week\",\"Time\"]"
   ]
  },
  {
   "cell_type": "code",
   "execution_count": 3,
   "id": "e56c7935",
   "metadata": {},
   "outputs": [],
   "source": [
    "#Load data from CSV file into a pandas DataFrame\n",
    "accident=pd.read_csv(\"C:/Users/ORESANYA/Classic Isaac/Git/PostgreSQL/dataset/Accidents_2015.txt\",usecols=accident_columns,dtype={'Accident_Index':str})"
   ]
  },
  {
   "cell_type": "code",
   "execution_count": 4,
   "id": "f4b263c5",
   "metadata": {},
   "outputs": [
    {
     "data": {
      "text/html": [
       "<div>\n",
       "<style scoped>\n",
       "    .dataframe tbody tr th:only-of-type {\n",
       "        vertical-align: middle;\n",
       "    }\n",
       "\n",
       "    .dataframe tbody tr th {\n",
       "        vertical-align: top;\n",
       "    }\n",
       "\n",
       "    .dataframe thead th {\n",
       "        text-align: right;\n",
       "    }\n",
       "</style>\n",
       "<table border=\"1\" class=\"dataframe\">\n",
       "  <thead>\n",
       "    <tr style=\"text-align: right;\">\n",
       "      <th></th>\n",
       "      <th>Location_Easting_OSGR</th>\n",
       "      <th>Location_Northing_OSGR</th>\n",
       "      <th>Longitude</th>\n",
       "      <th>Latitude</th>\n",
       "      <th>Police_Force</th>\n",
       "      <th>Accident_Severity</th>\n",
       "      <th>Number_of_Vehicles</th>\n",
       "      <th>Number_of_Casualties</th>\n",
       "      <th>Day_of_Week</th>\n",
       "    </tr>\n",
       "  </thead>\n",
       "  <tbody>\n",
       "    <tr>\n",
       "      <th>Location_Easting_OSGR</th>\n",
       "      <td>1.000000</td>\n",
       "      <td>-0.433536</td>\n",
       "      <td>0.999376</td>\n",
       "      <td>-0.435568</td>\n",
       "      <td>-0.379046</td>\n",
       "      <td>0.051229</td>\n",
       "      <td>0.015593</td>\n",
       "      <td>-0.036257</td>\n",
       "      <td>-0.004499</td>\n",
       "    </tr>\n",
       "    <tr>\n",
       "      <th>Location_Northing_OSGR</th>\n",
       "      <td>-0.433536</td>\n",
       "      <td>1.000000</td>\n",
       "      <td>-0.443053</td>\n",
       "      <td>0.999973</td>\n",
       "      <td>0.178804</td>\n",
       "      <td>-0.037594</td>\n",
       "      <td>-0.028368</td>\n",
       "      <td>0.032868</td>\n",
       "      <td>0.004241</td>\n",
       "    </tr>\n",
       "    <tr>\n",
       "      <th>Longitude</th>\n",
       "      <td>0.999376</td>\n",
       "      <td>-0.443053</td>\n",
       "      <td>1.000000</td>\n",
       "      <td>-0.444983</td>\n",
       "      <td>-0.391877</td>\n",
       "      <td>0.051015</td>\n",
       "      <td>0.016510</td>\n",
       "      <td>-0.035038</td>\n",
       "      <td>-0.004551</td>\n",
       "    </tr>\n",
       "    <tr>\n",
       "      <th>Latitude</th>\n",
       "      <td>-0.435568</td>\n",
       "      <td>0.999973</td>\n",
       "      <td>-0.444983</td>\n",
       "      <td>1.000000</td>\n",
       "      <td>0.176864</td>\n",
       "      <td>-0.037748</td>\n",
       "      <td>-0.028174</td>\n",
       "      <td>0.032994</td>\n",
       "      <td>0.004232</td>\n",
       "    </tr>\n",
       "    <tr>\n",
       "      <th>Police_Force</th>\n",
       "      <td>-0.379046</td>\n",
       "      <td>0.178804</td>\n",
       "      <td>-0.391877</td>\n",
       "      <td>0.176864</td>\n",
       "      <td>1.000000</td>\n",
       "      <td>-0.060330</td>\n",
       "      <td>-0.001503</td>\n",
       "      <td>0.013854</td>\n",
       "      <td>-0.001045</td>\n",
       "    </tr>\n",
       "    <tr>\n",
       "      <th>Accident_Severity</th>\n",
       "      <td>0.051229</td>\n",
       "      <td>-0.037594</td>\n",
       "      <td>0.051015</td>\n",
       "      <td>-0.037748</td>\n",
       "      <td>-0.060330</td>\n",
       "      <td>1.000000</td>\n",
       "      <td>0.070972</td>\n",
       "      <td>-0.065201</td>\n",
       "      <td>0.001485</td>\n",
       "    </tr>\n",
       "    <tr>\n",
       "      <th>Number_of_Vehicles</th>\n",
       "      <td>0.015593</td>\n",
       "      <td>-0.028368</td>\n",
       "      <td>0.016510</td>\n",
       "      <td>-0.028174</td>\n",
       "      <td>-0.001503</td>\n",
       "      <td>0.070972</td>\n",
       "      <td>1.000000</td>\n",
       "      <td>0.259028</td>\n",
       "      <td>0.001150</td>\n",
       "    </tr>\n",
       "    <tr>\n",
       "      <th>Number_of_Casualties</th>\n",
       "      <td>-0.036257</td>\n",
       "      <td>0.032868</td>\n",
       "      <td>-0.035038</td>\n",
       "      <td>0.032994</td>\n",
       "      <td>0.013854</td>\n",
       "      <td>-0.065201</td>\n",
       "      <td>0.259028</td>\n",
       "      <td>1.000000</td>\n",
       "      <td>0.002011</td>\n",
       "    </tr>\n",
       "    <tr>\n",
       "      <th>Day_of_Week</th>\n",
       "      <td>-0.004499</td>\n",
       "      <td>0.004241</td>\n",
       "      <td>-0.004551</td>\n",
       "      <td>0.004232</td>\n",
       "      <td>-0.001045</td>\n",
       "      <td>0.001485</td>\n",
       "      <td>0.001150</td>\n",
       "      <td>0.002011</td>\n",
       "      <td>1.000000</td>\n",
       "    </tr>\n",
       "  </tbody>\n",
       "</table>\n",
       "</div>"
      ],
      "text/plain": [
       "                        Location_Easting_OSGR  Location_Northing_OSGR  \\\n",
       "Location_Easting_OSGR                1.000000               -0.433536   \n",
       "Location_Northing_OSGR              -0.433536                1.000000   \n",
       "Longitude                            0.999376               -0.443053   \n",
       "Latitude                            -0.435568                0.999973   \n",
       "Police_Force                        -0.379046                0.178804   \n",
       "Accident_Severity                    0.051229               -0.037594   \n",
       "Number_of_Vehicles                   0.015593               -0.028368   \n",
       "Number_of_Casualties                -0.036257                0.032868   \n",
       "Day_of_Week                         -0.004499                0.004241   \n",
       "\n",
       "                        Longitude  Latitude  Police_Force  Accident_Severity  \\\n",
       "Location_Easting_OSGR    0.999376 -0.435568     -0.379046           0.051229   \n",
       "Location_Northing_OSGR  -0.443053  0.999973      0.178804          -0.037594   \n",
       "Longitude                1.000000 -0.444983     -0.391877           0.051015   \n",
       "Latitude                -0.444983  1.000000      0.176864          -0.037748   \n",
       "Police_Force            -0.391877  0.176864      1.000000          -0.060330   \n",
       "Accident_Severity        0.051015 -0.037748     -0.060330           1.000000   \n",
       "Number_of_Vehicles       0.016510 -0.028174     -0.001503           0.070972   \n",
       "Number_of_Casualties    -0.035038  0.032994      0.013854          -0.065201   \n",
       "Day_of_Week             -0.004551  0.004232     -0.001045           0.001485   \n",
       "\n",
       "                        Number_of_Vehicles  Number_of_Casualties  Day_of_Week  \n",
       "Location_Easting_OSGR             0.015593             -0.036257    -0.004499  \n",
       "Location_Northing_OSGR           -0.028368              0.032868     0.004241  \n",
       "Longitude                         0.016510             -0.035038    -0.004551  \n",
       "Latitude                         -0.028174              0.032994     0.004232  \n",
       "Police_Force                     -0.001503              0.013854    -0.001045  \n",
       "Accident_Severity                 0.070972             -0.065201     0.001485  \n",
       "Number_of_Vehicles                1.000000              0.259028     0.001150  \n",
       "Number_of_Casualties              0.259028              1.000000     0.002011  \n",
       "Day_of_Week                       0.001150              0.002011     1.000000  "
      ]
     },
     "execution_count": 4,
     "metadata": {},
     "output_type": "execute_result"
    }
   ],
   "source": [
    "accident_matrix=accident.corr()\n",
    "accident_matrix"
   ]
  },
  {
   "cell_type": "code",
   "execution_count": null,
   "id": "152c17b4",
   "metadata": {},
   "outputs": [],
   "source": []
  },
  {
   "cell_type": "code",
   "execution_count": null,
   "id": "0e659a53",
   "metadata": {},
   "outputs": [],
   "source": []
  }
 ],
 "metadata": {
  "kernelspec": {
   "display_name": "Python 3 (ipykernel)",
   "language": "python",
   "name": "python3"
  },
  "language_info": {
   "codemirror_mode": {
    "name": "ipython",
    "version": 3
   },
   "file_extension": ".py",
   "mimetype": "text/x-python",
   "name": "python",
   "nbconvert_exporter": "python",
   "pygments_lexer": "ipython3",
   "version": "3.9.12"
  }
 },
 "nbformat": 4,
 "nbformat_minor": 5
}
